0 86
94 419
432 479
490 695
696 891
896 1075
1094 1649
1685 1835
1860 2030
2070 2280
2340 2520
2610 2820
2880 3100
3120 3335
3420 3540
3600 3750
3780 3990
4020 4290
4330 4360
4380 4569
4570 4623
4624 4742
4743 4774
4775 4803
4804 5005
5006 5415
5460 5694
5720 5769
5770 5952
5953 6058
6059 6079
6093 6195
6210 6300
6320 6370
6390 6440
6460 6505
6520 6569
6580 6620
6630 6689
6700 6745
6770 6856
6857 6926
6927 7067
7068 7103
7104 7135
7136 7183
7184 7225
7240 7307
7338 7356
7385 7407
7437 7458
7487 7506
7535 7555
7587 7605
7620 7660
7685 7789
7790 7840
7841 7900
7901 7960
7961 8021
8022 8080
8081 8140
8141 8220
8221 8258
8259 8307
8308 8383
8384 8440
8441 8504
8505 8572
8573 8641
8642 8719
8734 8933
8934 9416
9417 9968
9969 10295
10296 10526
10527 10829
10830 10887
10888 10924
10925 10973
10974 11009
11010 11049
11050 11108
11115 11182
11183 11236
11237 11275
11276 11311
11312 11360
11395 11450
11486 11622
11623 11791
11792 11867
11874 11889
11897 12019
12020 12132
12133 12327
12328 12633
12634 13198
13199 13650
13680 13781
13782 13927
13928 14097
14098 14190
14191 14331
14332 14490
14508 14688
14689 14773
14774 14847
14848 14958
14959 15105
15106 15166
15167 15195
15217 15415
15416 15521
15522 15578
15579 15671
15672 15840
15846 15855
15856 15954
15955 16271
16272 16363
16369 16395
16407 16522
16523 16770
16806 16859
16860 16980
16981 17135
17136 17350
17370 17535
17536 17621
17622 17774
17775 17866
17867 17922
17947 18014
18037 18201
18202 18269
18270 18308
18309 18349
18350 18448
18449 18740
18741 18851
18859 18878
18884 18941
18942 18977
18978 19127
19128 19195
19196 19398
19407 19420
19421 19570
19571 19792
19793 20997
20998 21169
21170 21458
21459 21651
21652 21796
21797 21869
21870 21969
21970 22160
22161 22386
22404 22453
22454 22505
22506 22535
22536 22585
22586 22614