0 172
173 240
241 336
337 400
401 585
586 647
648 748
749 882
883 1089
1090 1330
1331 1627
1628 1703
1704 1771
1772 1857
1858 2402
2403 2643
2644 2897
2898 3086
3087 3214
3215 3454
3455 3849
3850 3921
3922 4272
4273 4422
4423 4751
4752 5189
5190 5612
5613 5991
5992 6345
6346 6580
6581 7243
7244 7291
7292 7399
7400 7657
7658 8035
8036 8080
8081 8121
8122 8686
8687 8732
8733 8851
8852 8983
8984 9110
9111 9225
9226 9264
9265 9305
9306 9347
9348 9403
9404 9466
9467 9627
9628 9711
9712 10242
10243 10435
10436 10547
10548 10627
10628 10673
10674 10705
10706 10749
10750 11457
11458 11595
11596 11759
11760 11801
11802 11866
11867 11929
11930 12141
12142 12189
12190 12230
12231 12305
12306 12784
12785 12815
12816 12872
12873 12916
12917 12974
12975 13003
13004 13282
13283 13378
13379 14357
14358 14637
14638 14858
14859 15004
