0 169
170 439
440 711
712 883
884 1795
1796 2310
2311 2574
2575 2775
2776 3008
3009 3549
3550 3603
3604 3657
3658 3731
3732 3957
3958 3992
3993 4089
4090 4226
4227 4277
4278 4323
4324 4494
4495 4933
4934 4974
4975 5019
5020 5825
5826 6006
6007 6374
6375 6488
6489 7317
7318 7705
7706 8234
8235 8449
8450 8549
8550 8702
8703 8833
8834 8906
8907 8960
8961 8976
8977 8991
8992 9006
9007 9026
9027 9265
9266 9497
9498 9527
9528 9894
9895 9997
9998 10224
10225 10304
10305 10337
10338 10364
10365 10445
10446 10470
10471 10500
10501 10577
10578 10628
10629 10680
10681 10967
10968 11100
11101 11207
11208 11414
11415 11492
11493 11641
11642 12167
12168 12600
12601 12656
12657 13242
13243 13298
13299 13748
13749 13896
13897 14082
14083 14301
14302 14671
14672 14792
14793 15360
15361 15439
15440 15647
15648 15683
15684 15746
15747 15859
15860 15974
15975 16038
16039 16103
16104 16190
16191 16472
16473 16779
16780 16814
16815 17051
17052 17181
17182 17354
17355 17984
17985 18059
