0 188
189 665
666 712
713 757
758 891
892 950
951 1009
1010 1081
1082 1172
1173 1215
1217 1289
1290 1325
1326 1435
1436 1499
1500 1583
1584 1659
1660 2033
2034 2140
2141 2206
2207 2270
2271 2344
2345 2410
2411 2458
2459 2857
2858 2903
2904 2938
2939 2968
2969 3235
3236 3312
3313 3520
3521 4092
4093 4226
4227 4255
4256 4398
4399 4449
4450 4507
4508 4723
4724 4857
4858 5076
5077 5181
5182 5271
5272 5338
5339 5511
5512 5613
5614 6124
6125 6414
6415 6486
6487 6897
6898 7251
7252 7276
7277 7693
7694 7809
7810 8122
8123 8177
8178 8226
8227 8300
8301 8696
8697 8799
8800 8987
8988 9106
9107 9675
9676 9948
9949 9987
9988 10055
10056 10130
10131 10227
10228 10267
10268 10379
10380 10639
10640 10715
10716 10874
10875 10975
10976 11044
11045 11098
11099 11183
11184 11222
11223 11265
11266 11343
11344 11407
11408 11454
11455 11698
11699 11756
11757 11826
11827 11860
11861 11999
12000 12086
12087 12227
12228 12437
12438 12460
12461 12782
12783 12976
12977 13106
13107 13489
13490 13718
13719 13810
13811 13925
13926 13983
13984 14083
14084 14151
14152 14261
14262 14313
14314 14499
14500 14576
14577 14683
14684 14845
14846 15043
