0 51
52 105
106 176
177 218
219 348
349 484
485 584
585 680
681 898
899 1231
1232 1353
1354 1834
1835 1906
1907 1951
1952 1979
1980 2072
2073 2193
2194 2399
2400 2509
2510 2775
2776 2908
2909 2955
2956 3034
3035 3097
3098 3466
3467 3589
3590 4651
4652 5371
5372 5500
5501 5584
5585 5708
5709 5811
5812 5865
5866 6076
6077 6196
6197 6454
6455 6585
6586 6927
6928 7154
7155 7382
7383 7466
7467 7802
7803 8025
8026 8280
8281 8547
8548 8924
8925 9173
9174 9356
9357 9505
9524 9764
9800 9975
10002 10127
10159 10325
10326 10403
10417 10601
10616 10779
10798 10943
10966 11041
11074 11225
11255 11405
11424 11924
11925 12038
12039 12124
12125 12314
12315 12362
12363 12653
12654 12784
12785 13000
13001 13092
13093 13202
13203 13361
13362 13413
13414 13716
13717 14410
14411 14772
14773 14898
14899 14917
14918 15616
15617 15733
15734 15838
15839 15946
15947 16002
16003 16051
16052 16090
16091 16183
16184 16226
16227 16300
16301 16416
16417 16473
16474 16581
16582 16726
16727 16868
16869 16896
16897 16949
16950 17095
17096 17149
17150 17187
17188 17251
17252 17392
