0 77
78 213
214 313
314 409
410 627
628 960
961 1081
1082 1563
1564 1635
1636 1680
1681 1708
1709 1801
1802 1922
1923 2128
2129 2238
2239 2504
2505 2637
2638 2684
2685 2763
2764 2826
2827 3195
3196 3318
3319 4379
4381 5100
5101 5229
5230 5313
5314 5437
5438 5540
5541 5594
5595 5805
5806 5925
5926 6183
6184 6314
6315 6656
6657 6883
6884 7111
7112 7195
7196 7530
7531 7754（渐变）
7755 8009
8010 8276
8277 8653
8654 8902
8903 9085
9086 9260
9261 9515（渐变）
9516 9715（渐变）
9716 9865（渐变）
9866 10054 （渐变）
10055 10157
10159 10320（渐变）
10321 10520（渐变）
10521 10670（渐变）
10671 10770（渐变）
10815 10960（渐变）
10961 11150（渐变）
11152 11345（渐变）
11370 11653（渐变）
11654 11767
11768 11853
11854 12043
12044 12091
12092 12382
12383 12513
12514 12729
12730 12821
12822 12931
12932 13090
13091 13142
13143 13445
13446 14139
14140 14501
14502 14627
14628 14646
14647 15069
