0 86（黑场）
94 419
432 479（黑场）
490 695
696 891
896 1094（渐变至黑场）
1080 1649（渐变）（有误？）
1650 1859（渐变）
1860 2039（渐变）
2040 2219（渐变）
2220 2519（渐变）
2520 2879（渐变）
2880 3119（渐变）
3120 3389（渐变）
3390 3569（渐变）
3570 3779（渐变）
3780 4019（渐变）
4020 4289（渐变）
4290 4569（渐变）
4570 4623
4624 4742
4743 4774
4775 4803
4804 5005
5006 5415
5422 5694
5770 5952
5953 6058
6059 6079（黑场）
6093 6209（渐变）
6210 6299（渐变）
6300 6449（渐变）
6450 6509（渐变）
6510 6569（渐变）
6570 6629（渐变）
6630 6689（渐变）
6690 6749（渐变）
6750 6856（渐变）
6857 6926
6927 7067
7068 7103
7104 7135
7136 7183
7184 7229
7230 7319（幻灯片）
7320 7379（幻灯片）
7380 7469（幻灯片）
7470 7529（幻灯片）
7530 7679（幻灯片）
7680 7769（幻灯片）
7770 7829（幻灯片）
7830 7889（幻灯片）
7890 7949（幻灯片）
7950 8009（幻灯片）
8010 8069（幻灯片）
8070 8129（幻灯片）
8130 8219（幻灯片）
8220 8258 （幻灯片）
8259 8307
8308 8383
8384 8440
8441 8504
8505 8572
8573 8641
8642 8719
8734 8933
8934 9416
9417 9968
9969 10295
10296 10526
10527 10829
10830 10887
10888 10924
10925 10973
10974 11009
11010 11049
11050 11108
11115 11182
11183 11236
11237 11275
11276 11311
11312 11399
11400 11459（幻灯片）
11460 11622（幻灯片）
11623 11791
11792 11867
11874 11889（黑场）
11897 12019（渐变进入）
12020 12132
12133 12327
12328 12633
12634 13198
13199 13670
13671 13781（幻灯片加渐变）
13782 13927
13928 14097
14098 14190
14191 14331
14332 14490
14494 14507（黑场）
14508 14562
14572 14687
14688 14773
14774 14847
14848 14958
14959 15105
15106 15166
15167 15192
15225 15415
15416 15521
15522 15577
15578 15671
15672 15839
15846 15855 （黑场）
15856 15954
15955 16074
16075 16271
16272 16363
16369 16400 （黑场）
16407 16522
16523 16799
16800 16859
16860 16980
16981 17135
17136 17369
17370 17535
17536 17621
17622 17774
17775 17866
17867 17922
17947 18014（幻灯片）
18037 18201（幻灯片）
18202 18268
18269 18308
18309 18349
18350 18448
18449 18740
18741 18851
18859 18878
18884 18941
18942 18977
18978 19127
19128 19195
19196 19398
19407 19420（黑场）
19421 19570
19571 19792
19793 20997
20998 21169
21170 21458
21459 21651
21652 21796
21797 21869
21870 21969
21970 22160
22161 22385
22388 22393（黑场）
22404 22453（渐变）
22454 22505
22506 22535
22536 22585
22586 22614