0 130
131 132
133 162
166 167
168 762
763 764
768 769
771 982
983 1598
1599 2889
2890 3396
3397 3874
3876 4204
4205 6033
6034 6113
6114 6342
6343 6518
6519 6975
6977 7296
7297 7903
7904 9438
9439 11158
11159 11552
11554 12128
12131 12753
12754 12776
12778 12784
12785 12817
12819 12824
12825 12966
12968 12974
12975 13011
13012 13038
13039 13042
13043 13110
13112 13118
13119 13190
13191 13212
13213 13220
13221 13251
13252 13267
13270 13285
13286 13294
13296 13327
13330 13356
13358 13366
13367 13381
13383 13394
13396 13422
13423 13427
13428 13445
13446 13452
13455 13482
13484 13499
13500 13506
13509 13534
13535 13553
13555 13577
13580 13589
13590 13591
13592 13594
13595 13611
13612 15525
15526 16382
16383 18899
