0 160
161 340
341 396
397 460
461 483
484 681
682 1021
1022 1363
1364 1643
1644 1773
1774 2078
2079 2238
2239 2511
2512 2678
2679 2851
2852 3031
3032 3286
3287 3511
3512 3736
3737 4076
4077 4368
4369 4546
4547 4821
4822 5333
5334 5613
5614 6313
6314 6833
6834 7418
7419 7611
7612 8531
8532 8572
8573 9643
9644 9828
9829 10058
10059 10356
10357 10561
10562 10743
10744 11003
11004 11191
11192 11338
11339 11481
11482 11833
11834 12146
12147 12471
12472 12841
12842 13101
13102 13319
13320 13574
13575 13946
13947 14231
14232 16136
16137 17831
17832 18806
18807 19289
19290 19549
19550 20146
20147 20591
20592 20696
20697 20876
20877 21076
21077 21706
21707 22099
22100 22996
22997 23266
23267 24094
24095 24411
24412 24639
24640 25587
25588 26084
26085 26787
26788 27134
27135 27517
27518 27932
27933 28114
28115 30099
30100 30279
30280 31597
31598 34462
34463 36269
36270 36554
36555 36952
36953 37704
37705 38197
38198 38895
38896 39107
39108 39610
39611 39857
39858 40844
