0 210
211 395
430 570
591 782
783 972
999 1172
1193 1399
1417 1621
1622 1804
1805 1968
1969 1995
1996 2236
2237 2769
2770 2909
2910 3101
3102 3342
3343 3583
3584 3798
3799 3967
3968 4016
4017 4066
4067 4115
4116 4154
4155 4201
4202 4252
4253 4318
4319 4416
4417 4491
4492 4578
4579 4623
4624 4719
4720 4783
4784 4865
4866 4914
4915 4975
4976 5086
5087 5122
5123 5171
5172 5217
5218 5344
5345 5472
5473 5804
5805 5822
5823 5888
5889 5937
5938 5969
5970 6037
6038 6093
6094 6149
6150 6336
6337 6580
6581 6645
6646 6712
6713 6787
6788 6894
6895 6971
6972 7044
7045 7192
7193 7233
7234 7381
7382 7410
7411 7437
7438 7481
7482 7545
7546 7699
7700 7771
7772 7849
7850 7907
7908 7997
7998 8336
8337 8506
8507 8532
8533 8705
8706 8898
8899 9168
9169 9379
9380 9741
9742 9907
9908 9964
9965 10057
10058 10153
10154 10485
10486 10569
10570 11089
11090 11169
11170 11215
11216 11295
11296 11407
11408 11835
11836 11978
11979 12040
12041 12559
12560 12643
12644 13016
13017 13440
13441 13472
13473 13504
13505 13540
13541 13623
13624 13977
13978 14165
14166 14214
14215 14273
14274 14315
14316 14348
14349 14446
14447 14494
14495 14600
14601 14650
14651 14794
14795 14947
14948 15030
15031 15111
15112 15862
15863 16013
16014 16118
