0 387
388 777
778 1140
1141 1533
1534 1848
1849 2206
2207 2534
2535 2997
2998 3353
3354 3648
3649 4008
4009 4579
4580 4777
4778 4917
4918 5042
5043 5149
5150 5262
5263 5557
5558 5672
5673 5805
5806 5905
5906 6128
6129 6228
6229 6276
6277 6353
6354 6488
6489 6611
6612 6964
6965 7522
7523 7642
7643 7797
7798 7937
7938 8060
8061 8360
8361 8488
8489 8613
8614 9084
9085 9239
9240 9356
9357 9401
9402 9519
9520 9589
9590 9702
9703 10117
10118 10200
10201 10235
10236 10292
10293 10377
10378 10492
10493 10615
10616 10745
10746 10870
10871 11053
11054 11231
11232 11333
11334 11498
11499 11691
11692 11794
11795 11911
11912 12072
12073 12142
12143 12299
12300 12477
12478 12590
12591 12717
12718 12842
12843 12960
12961 13083
13084 13233
13234 13418
13419 13538
13539 13706
13707 13838
13839 14049
14050 14221
14222 14459
14460 14739
14740 14885
14886 15005
15006 15240
15241 15558
15559 16474
16475 16684
16685 17247
17248 17620
17621 18198
18199 18348
18349 18931
18932 19795
19796 20243
20244 20893
20894 21154
21155 22903
22904 23356
23357 23501
23502 23709
23710 24097
24098 24339
24340 24585
24586 24825
24826 25198
25199 25448
25449 25986
25987 26239
26240 26394
26395 26614
26615 26852
26853 27100
27101 27347
27348 27563
27564 27743
27744 27943
27944 28038
28039 28143
28144 28549
28550 28726
28727 28819
28820 28927
28928 29034
29035 29340
29341 29525
29526 29913
29914 30048
30049 30133
30134 30213
30214 30376
30377 30446
30447 30553
30554 30951
30952 31269
31270 31332
31333 31454
31455 31644
31645 31827
31828 32075
32076 32273
32274 32563
32564 32798
32799 33189
33190 34205
34206 34658
34659 34978
34979 35198
35199 35689
35690 35921
35922 36209
36210 36294
36295 36557
36558 36652
36653 36747
36748 37045
37046 37295
37296 37596
37597 38016
38017 38854
38855 39668
